--- ADX Analysis ---
Date	ADX	+DI	-DI
2024-05-23	nan	nan	nan
2024-05-24	nan	nan	nan
2024-05-27	nan	nan	nan
2024-05-28	nan	nan	nan
2024-05-29	nan	nan	nan
2024-05-30	nan	nan	nan
2024-05-31	nan	nan	nan
2024-06-03	nan	nan	nan
2024-06-04	nan	nan	nan
2024-06-05	nan	nan	nan
2024-06-06	nan	nan	nan
2024-06-07	nan	nan	nan
2024-06-11	nan	nan	nan
2024-06-12	nan	nan	nan
2024-06-13	nan	37.85	20.01
2024-06-14	nan	35.51	20.95
2024-06-17	nan	35.03	20.01
2024-06-18	nan	40.39	17.92
2024-06-19	nan	46.24	15.45
2024-06-20	nan	44.63	14.91
2024-06-21	nan	41.37	17.65
2024-06-24	nan	37.19	22.61
2024-06-25	nan	34.44	26.65
2024-06-26	nan	37.81	25.27
2024-06-27	nan	36.21	24.91
2024-06-28	nan	37.72	23.48
2024-07-01	nan	38.26	22.44
2024-07-02	29.19	36.52	23.69
2024-07-03	28.91	36.92	21.98
2024-07-04	29.60	44.02	19.51
2024-07-05	30.24	42.36	18.78
2024-07-08	31.76	48.70	15.61
2024-07-09	33.26	45.56	14.08
2024-07-10	34.05	40.56	15.67
2024-07-11	35.38	45.33	14.02
2024-07-12	35.08	38.45	20.17
2024-07-15	34.81	36.29	19.04
2024-07-16	35.14	39.65	17.22
2024-07-17	34.73	35.95	19.61
2024-07-18	32.97	31.92	26.08
2024-07-19	30.78	29.12	27.80
2024-07-22	29.38	26.80	33.54
2024-07-23	27.61	27.60	30.30
2024-07-26	27.03	23.66	35.12
2024-07-29	25.91	26.46	33.20
2024-07-30	25.12	25.05	33.75
2024-07-31	24.38	24.32	32.77
2024-08-01	22.74	29.21	30.03
2024-08-02	22.36	25.48	36.29
2024-08-05	23.55	20.93	47.67
2024-08-06	23.60	24.81	40.71
2024-08-07	23.03	27.55	37.74
2024-08-08	22.61	25.88	36.55
2024-08-09	21.51	29.42	33.99
2024-08-12	20.16	31.15	32.88
2024-08-13	18.92	30.64	32.34
2024-08-14	17.62	31.86	31.38
2024-08-15	16.41	31.21	31.64
2024-08-16	15.68	33.69	29.77
2024-08-19	15.15	34.24	28.99
2024-08-20	14.71	33.96	28.33
2024-08-21	13.92	32.47	30.19
2024-08-22	12.94	31.09	31.03
2024-08-23	12.29	29.97	32.41
2024-08-26	11.44	31.16	30.93
2024-08-27	10.77	30.24	31.50
2024-08-28	10.48	33.63	29.43
2024-08-29	9.98	30.94	28.85
2024-08-30	9.69	31.43	27.87
2024-09-02	9.54	31.19	26.80
2024-09-03	9.22	29.85	26.97
2024-09-04	10.01	25.21	38.04
2024-09-05	10.33	26.23	35.10
2024-09-06	10.50	25.87	33.39
2024-09-09	11.04	23.76	34.29
2024-09-10	11.06	26.31	33.00
2024-09-11	11.11	25.79	32.68
2024-09-12	10.97	34.08	28.35
2024-09-13	11.20	35.83	26.92
2024-09-16	11.42	34.76	26.12
2024-09-18	11.17	33.01	28.17
2024-09-19	11.37	34.37	25.92
2024-09-20	12.27	39.18	24.02
2024-09-23	13.11	38.35	23.51
2024-09-24	14.20	39.73	22.17
2024-09-25	15.72	43.62	20.74
2024-09-26	17.40	45.72	19.97
2024-09-27	19.21	45.20	18.15
2024-09-30	18.74	38.67	29.96
2024-10-01	18.31	36.07	27.94
2024-10-04	18.21	36.80	26.14
2024-10-07	18.85	40.67	23.32
2024-10-08	19.44	38.89	22.31
2024-10-09	20.66	43.96	20.45
2024-10-11	22.14	44.55	18.47
2024-10-14	23.62	43.28	17.27
2024-10-15	25.42	45.50	15.63
2024-10-16	26.28	40.64	18.53
2024-10-17	26.80	37.56	18.65
2024-10-18	28.28	43.11	15.38
2024-10-21	29.64	41.31	14.74
2024-10-22	29.90	38.43	19.28
2024-10-23	29.89	36.26	19.61
2024-10-24	30.02	35.61	18.48
2024-10-25	30.13	34.54	17.93
2024-10-28	29.70	31.49	19.29
2024-10-29	27.89	28.75	26.30
2024-10-30	26.75	31.01	24.40
2024-11-01	25.27	28.04	31.64
2024-11-04	23.57	30.73	29.83
2024-11-05	22.34	31.39	27.70
2024-11-06	21.96	34.80	24.66
2024-11-07	21.61	32.41	22.96
2024-11-08	21.72	34.31	21.38
2024-11-11	21.39	32.39	22.99
2024-11-12	20.25	29.29	26.25
2024-11-13	18.97	28.06	29.37
2024-11-14	18.12	26.83	30.99
2024-11-15	17.14	27.13	29.60
2024-11-18	16.60	25.88	31.31
2024-11-19	15.66	27.37	29.37
2024-11-20	14.79	26.07	27.97
2024-11-21	14.59	24.80	31.48
2024-11-22	13.77	29.43	27.61
2024-11-25	12.81	27.60	27.45
2024-11-26	12.65	25.87	32.00
2024-11-27	12.85	24.24	33.14
2024-11-28	13.32	23.21	34.34
2024-11-29	13.49	23.64	32.51
2024-12-02	12.73	29.70	28.09
2024-12-03	12.89	34.57	25.54
2024-12-04	13.21	34.51	24.35
2024-12-05	13.82	36.64	23.56
2024-12-06	13.90	34.25	25.28
2024-12-09	13.99	33.08	24.42
2024-12-10	13.81	31.37	24.89
2024-12-11	12.93	29.19	28.37
2024-12-12	12.50	29.89	26.02
2024-12-13	12.31	30.08	24.65
2024-12-16	12.75	33.24	22.92
2024-12-17	13.52	34.42	21.30
2024-12-18	13.94	31.99	21.56
2024-12-19	13.52	28.72	24.47
2024-12-20	12.91	25.45	28.19
2024-12-23	12.49	28.04	24.35
2024-12-24	12.67	31.39	23.22
2024-12-25	12.84	30.37	22.47
2024-12-26	12.99	29.85	22.08
2024-12-27	13.13	28.29	20.92
2024-12-30	13.26	27.26	20.16
2024-12-31	12.76	25.75	22.74
2025-01-02	12.47	23.86	28.43
2025-01-03	11.66	25.78	26.34
2025-01-06	12.43	34.73	21.99
2025-01-07	14.14	41.96	19.55
2025-01-08	14.55	38.67	25.87
2025-01-09	14.71	36.80	26.23
2025-01-10	14.85	35.57	25.35
2025-01-13	13.85	30.60	31.12
2025-01-14	12.92	29.14	29.63
2025-01-15	12.45	26.84	30.45
2025-01-16	12.26	31.66	26.03
2025-01-17	12.41	31.80	23.79
2025-01-20	12.88	33.34	22.74
2025-01-21	12.85	31.83	24.74
2025-01-22	13.62	36.42	22.53
2025-02-03	13.51	29.37	37.52
2025-02-04	12.66	33.52	34.63
2025-02-05	12.19	36.52	32.40
2025-02-06	11.74	35.06	31.10
2025-02-07	11.48	34.51	29.41
2025-02-10	10.89	31.73	29.73
2025-02-11	10.34	30.40	28.49
2025-02-12	9.84	29.10	27.26
2025-02-13	9.63	27.41	31.49
2025-02-14	10.07	25.06	34.51
2025-02-17	9.89	27.55	32.04
2025-02-18	9.20	30.31	30.18
2025-02-19	8.56	28.95	28.83
2025-02-20	8.48	27.20	31.62
2025-02-21	8.01	29.04	30.15
2025-02-24	7.77	27.22	29.83
2025-02-25	8.41	25.10	35.28
2025-02-26	9.18	23.90	35.19
2025-02-27	9.89	22.01	32.41
2025-03-03	11.70	19.38	40.51
2025-03-04	13.48	17.98	38.79
2025-03-05	14.14	22.28	35.37
2025-03-06	15.04	20.95	36.24
2025-03-07	16.02	20.30	36.67
2025-03-10	17.16	19.45	37.71
2025-03-11	18.94	17.36	42.58
2025-03-12	19.76	20.99	39.44
2025-03-13	20.81	18.54	38.04
2025-03-14	22.04	17.76	39.45
2025-03-17	22.35	21.16	36.38
2025-03-18	22.64	20.50	35.24
2025-03-19	23.43	19.15	38.57
2025-03-20	23.25	22.71	34.70
2025-03-21	22.98	22.13	32.87
2025-03-24	22.74	21.07	31.30
2025-03-25	22.08	22.07	29.01
2025-03-26	21.67	21.00	29.22
2025-03-27	22.09	19.49	34.29
2025-03-28	22.85	18.71	36.94
2025-03-31	24.47	16.23	43.38
2025-04-01	24.82	21.11	38.67
2025-04-02	24.86	22.06	36.99
2025-04-07	26.69	16.78	51.05
2025-04-08	29.00	14.72	57.06
2025-04-09	31.31	13.15	54.92
2025-04-10	32.08	18.73	45.98
2025-04-11	33.15	16.74	46.50
2025-04-14	33.66	18.27	42.97
2025-04-15	34.14	17.73	41.72
2025-04-16	34.78	16.79	42.26
2025-04-17	35.53	16.26	43.17
2025-04-18	36.15	16.31	42.06
2025-04-21	37.00	15.61	44.57
2025-04-22	38.03	14.88	46.43
2025-04-23	37.26	23.07	40.32
2025-04-24	36.10	24.65	37.79
2025-04-25	34.54	26.00	34.58
2025-04-28	33.08	25.37	33.74
2025-04-29	31.59	25.81	32.97
2025-04-30	29.99	26.79	32.18
2025-05-02	28.52	34.67	28.72
2025-05-05	26.85	31.69	28.52
2025-05-06	25.08	29.91	28.71
2025-05-07	23.31	28.27	28.44
2025-05-08	21.87	28.55	26.86
2025-05-09	20.86	28.85	24.67
2025-05-12	20.35	31.37	23.80
2025-05-13	20.68	36.10	21.69
2025-05-14	21.21	35.61	19.97
2025-05-15	21.74	35.20	19.57
2025-05-16	22.02	34.26	20.23
2025-05-19	21.84	32.42	21.84
2025-05-20	21.58	30.83	21.38
2025-05-21	21.51	30.37	19.99
2025-05-22	21.22	29.30	20.57
2025-05-23	21.15	29.21	19.37

--- Performance Summary ---
latest_ADX(ADX指數): 21.15
net_profit(淨利潤): -898.16
max_drawdown(最大回撤): 90.27
total_trades(總交易次數): 4
win_rate(勝率): 25.0
profit_factor(獲利因子): 0.81
avg_pl(平均盈虧): -224.54
avg_k_lines(平均 K 線數): 16.5
